
R version 3.2.2 (2015-08-14) -- "Fire Safety"
Copyright (C) 2015 The R Foundation for Statistical Computing
Platform: x86_64-pc-linux-gnu (64-bit)

R is free software and comes with ABSOLUTELY NO WARRANTY.
You are welcome to redistribute it under certain conditions.
Type 'license()' or 'licence()' for distribution details.

  Natural language support but running in an English locale

R is a collaborative project with many contributors.
Type 'contributors()' for more information and
'citation()' on how to cite R or R packages in publications.

Type 'demo()' for some demos, 'help()' for on-line help, or
'help.start()' for an HTML browser interface to help.
Type 'q()' to quit R.

> 
> 
> library("isa2")
> library("foreach")
> library("doMC")
> registerDoMC(20)
> # expressionMat is the gene expression matrix
> 
> data = read.table("/ngsprojects/iwt/ehsab/Gene_duplication/Integrated_CORNET2.0/Vitis_vinifera/GE.mean.txt", nrows = 23629, comment.char = "", header = T)
> data = as.matrix(data)
> # gene.names <- read.table("/ngsprojects/iwt/ehsab/Gene_duplication/Integrated CORNET2.0/Vitis_vinifera/gene.names.txt")
> # gene.names = as.matrix(gene.names)
> 
> # Normalize gene expression in gene-wise and condition-wise
> data.norm <- isa.normalize(data)
> save(data.norm, file = "/scratch/iwt/ehsab/Gene_duplication/Results/SA/Local/Grape/data.norm.RData")
> 
> # For_loop for running 1000 permutations
> foreach (i = 1:1000) %dopar%{
+ 	print(i)
+ 	sampled.Ec = t(apply(data.norm$Ec, 1, sample))
+ 	sampled.Er = t(apply(data.norm$Er, 1, sample))
+ 	save(sampled.Ec, sampled.Er, file = paste("/scratch/iwt/ehsab/Gene_duplication/Results/SA/Local/Grape/Randomization/95/",i,".RData", sep = ""))
+ }
[1] 1
[1] 2
[1] 3
[1] 4
[1] 5
[1] 6
[1] 7
[1] 8
[1] 9
[1] 10
[1] 11
[1] 12
[1] 13
[1] 14
[1] 15
[1] 16
[1] 17
[1] 19
[1] 18
[1] 20
[1] 25
[1] 29
[1] 27
[1] 31
[1] 22
[1] 35
[1] 36
[1] 21
[1] 23
[1] 38
[1] 30
[1] 33
[1] 32
[1] 26
[1] 24
[1] 39
[1] 28
[1] 40
[1] 34
[1] 37
[1] 45
[1] 47
[1] 49
[1] 51
[1] 42
[1] 43
[1] 52
[1] 48
[1] 41
[1] 46
[1] 44
[1] 56
[1] 54
[1] 50
[1] 58
[1] 53
[1] 60
[1] 55
[1] 57
[1] 69
[1] 59
[1] 65
[1] 67
[1] 71
[1] 63
[1] 62
[1] 72
[1] 68
[1] 61
[1] 66
[1] 76
[1] 64
[1] 70
[1] 74
[1] 75
[1] 85
[1] 73
[1] 78
[1] 77
[1] 80
[1] 79
[1] 82
[1] 89
[1] 87
[1] 91
[1] 92
[1] 83
[1] 88
[1] 81
[1] 84
[1] 95
[1] 86
[1] 93
[1] 96
[1] 105
[1] 94
[1] 98
[1] 90
[1] 102
[1] 99
[1] 100
[1] 107
[1] 97
[1] 111
[1] 109
[1] 112
[1] 108
[1] 103
[1] 104
[1] 106
[1] 115
[1] 113
[1] 101
[1] 114
[1] 125
[1] 119
[1] 122
[1] 116
[1] 118
[1] 120
[1] 110
[1] 129
[1] 117
[1] 127
[1] 126
[1] 131
[1] 135
[1] 133
[1] 128
[1] 134
[1] 132
[1] 121
[1] 124
[1] 142
[1] 123
[1] 145
[1] 138
[1] 139
[1] 130
[1] 140
[1] 136
[1] 149
[1] 137
[1] 146
[1] 147
[1] 153
[1] 155
[1] 151
[1] 152
[1] 154
[1] 143
[1] 148
[1] 141
[1] 144
[1] 162
[1] 158
[1] 159
[1] 157
[1] 169
[1] 160
[1] 150
[1] 165
[1] 173
[1] 166
[1] 156
[1] 172
[1] 171
[1] 175
[1] 167
[1] 163
[1] 174
[1] 168
[1] 177
[1] 161
[1] 179
[1] 164
[1] 185
[1] 182
[1] 180
[1] 178
[1] 186
[1] 193
[1] 189
[1] 170
[1] 192
[1] 176
[1] 183
[1] 195
[1] 194
[1] 187
[1] 191
[1] 188
[1] 199
[1] 197
[1] 181
[1] 202
[1] 213
[1] 206
[1] 209
[1] 184
[1] 200
[1] 198
[1] 212
[1] 205
[1] 215
[1] 196
[1] 203
[1] 190
[1] 214
[1] 211
[1] 207
[1] 219
[1] 208
[1] 217
[1] 233
[1] 222
[1] 201
[1] 226
[1] 218
[1] 204
[1] 229
[1] 232
[1] 235
[1] 220
[1] 225
[1] 210
[1] 216
[1] 234
[1] 223
[1] 231
[1] 242
[1] 246
[1] 239
[1] 253
[1] 237
[1] 228
[1] 221
[1] 238
[1] 227
[1] 255
[1] 224
[1] 252
[1] 249
[1] 240
[1] 243
[1] 251
[1] 245
[1] 230
[1] 254
[1] 236
[1] 262
[1] 266
[1] 273
[1] 259
[1] 257
[1] 258
[1] 275
[1] 244
[1] 248
[1] 241
[1] 272
[1] 247
[1] 269
[1] 271
[1] 263
[1] 260
[1] 282
[1] 293
[1] 274
[1] 265
[1] 286
[1] 250
[1] 256
[1] 295
[1] 279
[1] 264
[1] 278
[1] 277
[1] 261
[1] 268
[1] 292
[1] 291
[1] 289
[1] 267
[1] 302
[1] 280
[1] 313
[1] 283
[1] 294
[1] 285
[1] 306
[1] 299
[1] 315
[1] 270
[1] 276
[1] 284
[1] 281
[1] 298
[1] 288
[1] 297
[1] 312
[1] 309
[1] 303
[1] 287
[1] 333
[1] 311
[1] 322
[1] 305
[1] 300
[1] 314
[1] 326
[1] 296
[1] 319
[1] 335
[1] 304
[1] 290
[1] 301
[1] 308
[1] 318
[1] 317
[1] 323
[1] 332
[1] 331
[1] 307
[1] 329
[1] 353
[1] 342
[1] 320
[1] 334
[1] 325
[1] 346
[1] 339
[1] 316
[1] 321
[1] 324
[1] 355
[1] 310
[1] 328
[1] 343
[1] 351
[1] 327
[1] 373
[1] 338
[1] 337
[1] 349
[1] 352
[1] 340
[1] 362
[1] 354
[1] 341
[1] 344
[1] 363
[1] 366
[1] 336
[1] 359
[1] 345
[1] 371
[1] 348
[1] 330
[1] 375
[1] 347
[1] 393
[1] 357
[1] 358
[1] 369
[1] 360
[1] 372
[1] 382
[1] 374
[1] 361
[1] 364
[1] 391
[1] 386
[1] 383
[1] 379
[1] 365
[1] 413
[1] 356
[1] 367
[1] 368
[1] 350
[1] 395
[1] 389
[1] 377
[1] 380
[1] 392
[1] 402
[1] 378
[1] 394
[1] 381
[1] 384
[1] 411
[1] 399
[1] 403
[1] 406
[1] 385
[1] 433
[1] 387
[1] 388
[1] 415
[1] 397
[1] 370
[1] 409
[1] 376
[1] 422
[1] 400
[1] 412
[1] 398
[1] 401
[1] 404
[1] 414
[1] 431
[1] 419
[1] 423
[1] 407
[1] 426
[1] 405
[1] 435
[1] 429
[1] 453
[1] 408
[1] 417
[1] 390
[1] 420
[1] 432
[1] 396
[1] 418
[1] 451
[1] 442
[1] 434
[1] 424
[1] 421
[1] 439
[1] 427
[1] 455
[1] 443
[1] 446
[1] 425
[1] 473
[1] 437
[1] 449
[1] 428
[1] 452
[1] 440
[1] 441
[1] 438
[1] 410
[1] 416
[1] 462
[1] 444
[1] 471
[1] 459
[1] 475
[1] 454
[1] 466
[1] 445
[1] 463
[1] 493
[1] 447
[1] 448
[1] 469
[1] 457
[1] 472
[1] 461
[1] 458
[1] 436
[1] 460
[1] 430
[1] 482
[1] 464
[1] 474
[1] 491
[1] 495
[1] 465
[1] 479
[1] 468
[1] 483
[1] 486
[1] 467
[1] 513
[1] 477
[1] 481
[1] 489
[1] 492
[1] 478
[1] 456
[1] 480
[1] 502
[1] 450
[1] 499
[1] 485
[1] 515
[1] 494
[1] 484
[1] 511
[1] 506
[1] 488
[1] 509
[1] 501
[1] 497
[1] 487
[1] 503
[1] 533
[1] 500
[1] 476
[1] 522
[1] 470
[1] 498
[1] 519
[1] 505
[1] 512
[1] 504
[1] 535
[1] 531
[1] 514
[1] 526
[1] 508
[1] 521
[1] 507
[1] 529
[1] 496
[1] 553
[1] 517
[1] 520
[1] 490
[1] 523
[1] 542
[1] 539
[1] 518
[1] 532
[1] 525
[1] 534
[1] 555
[1] 551
[1] 546
[1] 524
[1] 541
[1] 516
[1] 573
[1] 527
[1] 528
[1] 537
[1] 543
[1] 510
[1] 540
[1] 549
[1] 538
[1] 562
[1] 559
[1] 552
[1] 544
[1] 561
[1] 536
[1] 566 545
[1] 554
[1] 571
[1] 557
[1] 575
[1] 563
[1] 593
[1] 530
[1] 547
[1] 548
[1] 560
[1] 569
[1] 582
[1] 579
[1] 558
[1] 564
[1] 572
[1] 581
[1] 556
[1] 577
[1] 583
[1] 574
[1] 586
[1] 550
[1] 589
[1] 565
[1] 613
[1] 568
[1] 591
[1] 567
[1] 599
[1] 595
[1] 580
[1] 602
[1] 584
[1] 578
[1] 592
[1] 601
[1] 576
[1] 594
[1] 597
[1] 585
[1] 570
[1] 603
[1] 609
[1] 606
[1] 588
[1] 633
[1] 611
[1] 619
[1] 587
[1] 600
[1] 598
[1] 622
[1] 604
[1] 596
[1] 612
[1] 615
[1] 621
[1] 614
[1] 605
[1] 617
[1] 629
[1] 653
[1] 623
[1] 608
[1] 590
[1] 639
[1] 631
[1] 616
[1] 607
[1] 624
[1] 626
[1] 620
[1] 618
[1] 635
[1] 632
[1] 642
[1] 641
[1] 634
[1] 637
[1] 649
[1] 625
[1] 659
[1] 628
[1] 610
[1] 643
[1] 673
[1] 636
[1] 644
[1] 638
[1] 651
[1] 646
[1] 661
[1] 640
[1] 627
[1] 662
[1] 652
[1] 669
[1] 655
[1] 657
[1] 654
[1] 679
[1] 656
[1] 645
[1] 630
[1] 648
[1] 664
[1] 658
[1] 693
[1] 681
[1] 666
[1] 671
[1] 663
[1] 682
[1] 660
[1] 689
[1] 672
[1] 647
[1] 699
[1] 675
[1] 676
[1] 674
[1] 677
[1] 650
[1] 665
[1] 668
[1] 678
[1] 713
[1] 684
[1] 686
[1] 709
[1] 691
[1] 701
[1] 683
[1] 702
[1] 692
[1] 680
[1] 719
[1] 667
[1] 670
[1] 694
[1] 695
[1] 698
[1] 697
[1] 688
[1] 733
[1] 704
[1] 685
[1] 696
[1] 729
[1] 739
[1] 706
[1] 711
[1] 712
[1] 700
[1] 721
[1] 690
[1] 722
[1] 703
[1] 714
[1] 718
[1] 687
[1] 724
[1] 716
[1] 753
[1] 715
[1] 708
[1] 749
[1] 705
[1] 759
[1] 726
[1] 731
[1] 710
[1] 742
[1] 732
[1] 720
[1] 734
[1] 736
[1] 773
[1] 738
[1] 737
[1] 741
[1] 723
[1] 769
[1] 744
[1] 707
[1] 725
[1] 735
[1] 728
[1] 779
[1] 746
[1] 762
[1] 740
[1] 751
[1] 730
[1] 756
[1] 752
[1] 754
[1] 757
[1] 758
[1] 793
[1] 745
[1] 761
[1] 755
[1] 764
[1] 766
[1] 748
[1] 743
[1] 727
[1] 799
[1] 782
[1] 776
[1] 760
[1] 772
[1] 774
[1] 750
[1] 771
[1] 809
[1] 765
[1] 813
[1] 778
[1] 777
[1] 775
[1] 781
[1] 747
[1] 796
[1] 768
[1] 802
[1] 786
[1] 784
[1] 819
[1] 780
[1] 763
[1] 792
[1] 794
[1] 770
[1] 785
[1] 829
[1] 797
[1] 791
[1] 798
[1] 795
[1] 801
[1] 833
[1] 788
[1] 816
[1] 767
[1] 800
[1] 839
[1] 812
[1] 806
[1] 804
[1] 805
[1] 822
[1] 814
[1] 790
[1] 849
[1] 783
[1] 815
[1] 818
[1] 817
[1] 811
[1] 821
[1] 808
[1] 853
[1] 836
[1] 787
[1] 824
[1] 820
[1] 826
[1] 825
[1] 859
[1] 834
[1] 835
[1] 832
[1] 842
[1] 838
[1] 810
[1] 837
[1] 869
[1] 856
[1] 803
[1] 841
[1] 873
[1] 831
[1] 844
[1] 845
[1] 846
[1] 807
[1] 854
[1] 879
[1] 857
[1] 840
[1] 852
[1] 855
[1] 862
[1] 858
[1] 876
[1] 830
[1] 861
[1] 848
[1] 889
[1] 823
[1] 866
[1] 851
[1] 893
[1] 865
[1] 864
[1] 874
[1] 899
[1] 872
[1] 827
[1] 860
[1] 896
[1] 877
[1] 881
[1] 878
[1] 875
[1] 882
[1] 850
[1] 886
[1] 868
[1] 843
[1] 885
[1] 871
[1] 909
[1] 894
[1] 913
[1] 884
[1] 892
[1] 919
[1] 916
[1] 901
[1] 897
[1] 880
[1] 847
[1] 870
[1] 898
[1] 902
[1] 895
[1] 906
[1] 888
[1] 929
[1] 891
[1] 914
[1] 933
[1] 905
[1] 912
[1] 904
[1] 939
[1] 863
[1] 936
[1] 900
[1] 917
[1] 921
[1] 926
[1] 918
[1] 908
[1] 890
[1] 922
[1] 867
[1] 915
[1] 949
[1] 934
[1] 953
[1] 911
[1] 925
[1] 932
[1] 920
[1] 959
[1] 956
[1] 924
[1] 883
[1] 946
[1] 937
[1] 941
[1] 938
[1] 928
[1] 910
[1] 973
[1] 935
[1] 942
[1] 954
[1] 931
[1] 887
[1] 969
[1] 979
[1] 976
[1] 952
[1] 944
[1] 945
[1] 940
[1] 948
[1] 958
[1] 966
[1] 903
[1] 993
[1] 930
[1] 961
[1] 957
[1] 951
[1] 974
[1] 955
[1] 962
[1] 907
[1] 996
[1] 999
[1] 972
[1] 989
[1] 964
[1] 968
[1] 965
[1] 960
[1] 978
[1] 923
[1] 971
[1] 975
[1] 977
[1] 994
[1] 981
[1] 986
[1] 950
[1] 982
[1] 927
[1] 992
[1] 984
[1] 988
[1] 980
[1] 985
[1] 998
[1] 943
[1] 991
[1] 995
[1] 997
[1] 947
[1] 970
[1] 1000
[1] 963
[1] 967
[1] 990
[1] 983
[1] 987
[[1]]
NULL

[[2]]
NULL

[[3]]
NULL

[[4]]
NULL

[[5]]
NULL

[[6]]
NULL

[[7]]
NULL

[[8]]
NULL

[[9]]
NULL

[[10]]
NULL

[[11]]
NULL

[[12]]
NULL

[[13]]
NULL

[[14]]
NULL

[[15]]
NULL

[[16]]
NULL

[[17]]
NULL

[[18]]
NULL

[[19]]
NULL

[[20]]
NULL

[[21]]
NULL

[[22]]
NULL

[[23]]
NULL

[[24]]
NULL

[[25]]
NULL

[[26]]
NULL

[[27]]
NULL

[[28]]
NULL

[[29]]
NULL

[[30]]
NULL

[[31]]
NULL

[[32]]
NULL

[[33]]
NULL

[[34]]
NULL

[[35]]
NULL

[[36]]
NULL

[[37]]
NULL

[[38]]
NULL

[[39]]
NULL

[[40]]
NULL

[[41]]
NULL

[[42]]
NULL

[[43]]
NULL

[[44]]
NULL

[[45]]
NULL

[[46]]
NULL

[[47]]
NULL

[[48]]
NULL

[[49]]
NULL

[[50]]
NULL

[[51]]
NULL

[[52]]
NULL

[[53]]
NULL

[[54]]
NULL

[[55]]
NULL

[[56]]
NULL

[[57]]
NULL

[[58]]
NULL

[[59]]
NULL

[[60]]
NULL

[[61]]
NULL

[[62]]
NULL

[[63]]
NULL

[[64]]
NULL

[[65]]
NULL

[[66]]
NULL

[[67]]
NULL

[[68]]
NULL

[[69]]
NULL

[[70]]
NULL

[[71]]
NULL

[[72]]
NULL

[[73]]
NULL

[[74]]
NULL

[[75]]
NULL

[[76]]
NULL

[[77]]
NULL

[[78]]
NULL

[[79]]
NULL

[[80]]
NULL

[[81]]
NULL

[[82]]
NULL

[[83]]
NULL

[[84]]
NULL

[[85]]
NULL

[[86]]
NULL

[[87]]
NULL

[[88]]
NULL

[[89]]
NULL

[[90]]
NULL

[[91]]
NULL

[[92]]
NULL

[[93]]
NULL

[[94]]
NULL

[[95]]
NULL

[[96]]
NULL

[[97]]
NULL

[[98]]
NULL

[[99]]
NULL

[[100]]
NULL

[[101]]
NULL

[[102]]
NULL

[[103]]
NULL

[[104]]
NULL

[[105]]
NULL

[[106]]
NULL

[[107]]
NULL

[[108]]
NULL

[[109]]
NULL

[[110]]
NULL

[[111]]
NULL

[[112]]
NULL

[[113]]
NULL

[[114]]
NULL

[[115]]
NULL

[[116]]
NULL

[[117]]
NULL

[[118]]
NULL

[[119]]
NULL

[[120]]
NULL

[[121]]
NULL

[[122]]
NULL

[[123]]
NULL

[[124]]
NULL

[[125]]
NULL

[[126]]
NULL

[[127]]
NULL

[[128]]
NULL

[[129]]
NULL

[[130]]
NULL

[[131]]
NULL

[[132]]
NULL

[[133]]
NULL

[[134]]
NULL

[[135]]
NULL

[[136]]
NULL

[[137]]
NULL

[[138]]
NULL

[[139]]
NULL

[[140]]
NULL

[[141]]
NULL

[[142]]
NULL

[[143]]
NULL

[[144]]
NULL

[[145]]
NULL

[[146]]
NULL

[[147]]
NULL

[[148]]
NULL

[[149]]
NULL

[[150]]
NULL

[[151]]
NULL

[[152]]
NULL

[[153]]
NULL

[[154]]
NULL

[[155]]
NULL

[[156]]
NULL

[[157]]
NULL

[[158]]
NULL

[[159]]
NULL

[[160]]
NULL

[[161]]
NULL

[[162]]
NULL

[[163]]
NULL

[[164]]
NULL

[[165]]
NULL

[[166]]
NULL

[[167]]
NULL

[[168]]
NULL

[[169]]
NULL

[[170]]
NULL

[[171]]
NULL

[[172]]
NULL

[[173]]
NULL

[[174]]
NULL

[[175]]
NULL

[[176]]
NULL

[[177]]
NULL

[[178]]
NULL

[[179]]
NULL

[[180]]
NULL

[[181]]
NULL

[[182]]
NULL

[[183]]
NULL

[[184]]
NULL

[[185]]
NULL

[[186]]
NULL

[[187]]
NULL

[[188]]
NULL

[[189]]
NULL

[[190]]
NULL

[[191]]
NULL

[[192]]
NULL

[[193]]
NULL

[[194]]
NULL

[[195]]
NULL

[[196]]
NULL

[[197]]
NULL

[[198]]
NULL

[[199]]
NULL

[[200]]
NULL

[[201]]
NULL

[[202]]
NULL

[[203]]
NULL

[[204]]
NULL

[[205]]
NULL

[[206]]
NULL

[[207]]
NULL

[[208]]
NULL

[[209]]
NULL

[[210]]
NULL

[[211]]
NULL

[[212]]
NULL

[[213]]
NULL

[[214]]
NULL

[[215]]
NULL

[[216]]
NULL

[[217]]
NULL

[[218]]
NULL

[[219]]
NULL

[[220]]
NULL

[[221]]
NULL

[[222]]
NULL

[[223]]
NULL

[[224]]
NULL

[[225]]
NULL

[[226]]
NULL

[[227]]
NULL

[[228]]
NULL

[[229]]
NULL

[[230]]
NULL

[[231]]
NULL

[[232]]
NULL

[[233]]
NULL

[[234]]
NULL

[[235]]
NULL

[[236]]
NULL

[[237]]
NULL

[[238]]
NULL

[[239]]
NULL

[[240]]
NULL

[[241]]
NULL

[[242]]
NULL

[[243]]
NULL

[[244]]
NULL

[[245]]
NULL

[[246]]
NULL

[[247]]
NULL

[[248]]
NULL

[[249]]
NULL

[[250]]
NULL

[[251]]
NULL

[[252]]
NULL

[[253]]
NULL

[[254]]
NULL

[[255]]
NULL

[[256]]
NULL

[[257]]
NULL

[[258]]
NULL

[[259]]
NULL

[[260]]
NULL

[[261]]
NULL

[[262]]
NULL

[[263]]
NULL

[[264]]
NULL

[[265]]
NULL

[[266]]
NULL

[[267]]
NULL

[[268]]
NULL

[[269]]
NULL

[[270]]
NULL

[[271]]
NULL

[[272]]
NULL

[[273]]
NULL

[[274]]
NULL

[[275]]
NULL

[[276]]
NULL

[[277]]
NULL

[[278]]
NULL

[[279]]
NULL

[[280]]
NULL

[[281]]
NULL

[[282]]
NULL

[[283]]
NULL

[[284]]
NULL

[[285]]
NULL

[[286]]
NULL

[[287]]
NULL

[[288]]
NULL

[[289]]
NULL

[[290]]
NULL

[[291]]
NULL

[[292]]
NULL

[[293]]
NULL

[[294]]
NULL

[[295]]
NULL

[[296]]
NULL

[[297]]
NULL

[[298]]
NULL

[[299]]
NULL

[[300]]
NULL

[[301]]
NULL

[[302]]
NULL

[[303]]
NULL

[[304]]
NULL

[[305]]
NULL

[[306]]
NULL

[[307]]
NULL

[[308]]
NULL

[[309]]
NULL

[[310]]
NULL

[[311]]
NULL

[[312]]
NULL

[[313]]
NULL

[[314]]
NULL

[[315]]
NULL

[[316]]
NULL

[[317]]
NULL

[[318]]
NULL

[[319]]
NULL

[[320]]
NULL

[[321]]
NULL

[[322]]
NULL

[[323]]
NULL

[[324]]
NULL

[[325]]
NULL

[[326]]
NULL

[[327]]
NULL

[[328]]
NULL

[[329]]
NULL

[[330]]
NULL

[[331]]
NULL

[[332]]
NULL

[[333]]
NULL

[[334]]
NULL

[[335]]
NULL

[[336]]
NULL

[[337]]
NULL

[[338]]
NULL

[[339]]
NULL

[[340]]
NULL

[[341]]
NULL

[[342]]
NULL

[[343]]
NULL

[[344]]
NULL

[[345]]
NULL

[[346]]
NULL

[[347]]
NULL

[[348]]
NULL

[[349]]
NULL

[[350]]
NULL

[[351]]
NULL

[[352]]
NULL

[[353]]
NULL

[[354]]
NULL

[[355]]
NULL

[[356]]
NULL

[[357]]
NULL

[[358]]
NULL

[[359]]
NULL

[[360]]
NULL

[[361]]
NULL

[[362]]
NULL

[[363]]
NULL

[[364]]
NULL

[[365]]
NULL

[[366]]
NULL

[[367]]
NULL

[[368]]
NULL

[[369]]
NULL

[[370]]
NULL

[[371]]
NULL

[[372]]
NULL

[[373]]
NULL

[[374]]
NULL

[[375]]
NULL

[[376]]
NULL

[[377]]
NULL

[[378]]
NULL

[[379]]
NULL

[[380]]
NULL

[[381]]
NULL

[[382]]
NULL

[[383]]
NULL

[[384]]
NULL

[[385]]
NULL

[[386]]
NULL

[[387]]
NULL

[[388]]
NULL

[[389]]
NULL

[[390]]
NULL

[[391]]
NULL

[[392]]
NULL

[[393]]
NULL

[[394]]
NULL

[[395]]
NULL

[[396]]
NULL

[[397]]
NULL

[[398]]
NULL

[[399]]
NULL

[[400]]
NULL

[[401]]
NULL

[[402]]
NULL

[[403]]
NULL

[[404]]
NULL

[[405]]
NULL

[[406]]
NULL

[[407]]
NULL

[[408]]
NULL

[[409]]
NULL

[[410]]
NULL

[[411]]
NULL

[[412]]
NULL

[[413]]
NULL

[[414]]
NULL

[[415]]
NULL

[[416]]
NULL

[[417]]
NULL

[[418]]
NULL

[[419]]
NULL

[[420]]
NULL

[[421]]
NULL

[[422]]
NULL

[[423]]
NULL

[[424]]
NULL

[[425]]
NULL

[[426]]
NULL

[[427]]
NULL

[[428]]
NULL

[[429]]
NULL

[[430]]
NULL

[[431]]
NULL

[[432]]
NULL

[[433]]
NULL

[[434]]
NULL

[[435]]
NULL

[[436]]
NULL

[[437]]
NULL

[[438]]
NULL

[[439]]
NULL

[[440]]
NULL

[[441]]
NULL

[[442]]
NULL

[[443]]
NULL

[[444]]
NULL

[[445]]
NULL

[[446]]
NULL

[[447]]
NULL

[[448]]
NULL

[[449]]
NULL

[[450]]
NULL

[[451]]
NULL

[[452]]
NULL

[[453]]
NULL

[[454]]
NULL

[[455]]
NULL

[[456]]
NULL

[[457]]
NULL

[[458]]
NULL

[[459]]
NULL

[[460]]
NULL

[[461]]
NULL

[[462]]
NULL

[[463]]
NULL

[[464]]
NULL

[[465]]
NULL

[[466]]
NULL

[[467]]
NULL

[[468]]
NULL

[[469]]
NULL

[[470]]
NULL

[[471]]
NULL

[[472]]
NULL

[[473]]
NULL

[[474]]
NULL

[[475]]
NULL

[[476]]
NULL

[[477]]
NULL

[[478]]
NULL

[[479]]
NULL

[[480]]
NULL

[[481]]
NULL

[[482]]
NULL

[[483]]
NULL

[[484]]
NULL

[[485]]
NULL

[[486]]
NULL

[[487]]
NULL

[[488]]
NULL

[[489]]
NULL

[[490]]
NULL

[[491]]
NULL

[[492]]
NULL

[[493]]
NULL

[[494]]
NULL

[[495]]
NULL

[[496]]
NULL

[[497]]
NULL

[[498]]
NULL

[[499]]
NULL

[[500]]
NULL

[[501]]
NULL

[[502]]
NULL

[[503]]
NULL

[[504]]
NULL

[[505]]
NULL

[[506]]
NULL

[[507]]
NULL

[[508]]
NULL

[[509]]
NULL

[[510]]
NULL

[[511]]
NULL

[[512]]
NULL

[[513]]
NULL

[[514]]
NULL

[[515]]
NULL

[[516]]
NULL

[[517]]
NULL

[[518]]
NULL

[[519]]
NULL

[[520]]
NULL

[[521]]
NULL

[[522]]
NULL

[[523]]
NULL

[[524]]
NULL

[[525]]
NULL

[[526]]
NULL

[[527]]
NULL

[[528]]
NULL

[[529]]
NULL

[[530]]
NULL

[[531]]
NULL

[[532]]
NULL

[[533]]
NULL

[[534]]
NULL

[[535]]
NULL

[[536]]
NULL

[[537]]
NULL

[[538]]
NULL

[[539]]
NULL

[[540]]
NULL

[[541]]
NULL

[[542]]
NULL

[[543]]
NULL

[[544]]
NULL

[[545]]
NULL

[[546]]
NULL

[[547]]
NULL

[[548]]
NULL

[[549]]
NULL

[[550]]
NULL

[[551]]
NULL

[[552]]
NULL

[[553]]
NULL

[[554]]
NULL

[[555]]
NULL

[[556]]
NULL

[[557]]
NULL

[[558]]
NULL

[[559]]
NULL

[[560]]
NULL

[[561]]
NULL

[[562]]
NULL

[[563]]
NULL

[[564]]
NULL

[[565]]
NULL

[[566]]
NULL

[[567]]
NULL

[[568]]
NULL

[[569]]
NULL

[[570]]
NULL

[[571]]
NULL

[[572]]
NULL

[[573]]
NULL

[[574]]
NULL

[[575]]
NULL

[[576]]
NULL

[[577]]
NULL

[[578]]
NULL

[[579]]
NULL

[[580]]
NULL

[[581]]
NULL

[[582]]
NULL

[[583]]
NULL

[[584]]
NULL

[[585]]
NULL

[[586]]
NULL

[[587]]
NULL

[[588]]
NULL

[[589]]
NULL

[[590]]
NULL

[[591]]
NULL

[[592]]
NULL

[[593]]
NULL

[[594]]
NULL

[[595]]
NULL

[[596]]
NULL

[[597]]
NULL

[[598]]
NULL

[[599]]
NULL

[[600]]
NULL

[[601]]
NULL

[[602]]
NULL

[[603]]
NULL

[[604]]
NULL

[[605]]
NULL

[[606]]
NULL

[[607]]
NULL

[[608]]
NULL

[[609]]
NULL

[[610]]
NULL

[[611]]
NULL

[[612]]
NULL

[[613]]
NULL

[[614]]
NULL

[[615]]
NULL

[[616]]
NULL

[[617]]
NULL

[[618]]
NULL

[[619]]
NULL

[[620]]
NULL

[[621]]
NULL

[[622]]
NULL

[[623]]
NULL

[[624]]
NULL

[[625]]
NULL

[[626]]
NULL

[[627]]
NULL

[[628]]
NULL

[[629]]
NULL

[[630]]
NULL

[[631]]
NULL

[[632]]
NULL

[[633]]
NULL

[[634]]
NULL

[[635]]
NULL

[[636]]
NULL

[[637]]
NULL

[[638]]
NULL

[[639]]
NULL

[[640]]
NULL

[[641]]
NULL

[[642]]
NULL

[[643]]
NULL

[[644]]
NULL

[[645]]
NULL

[[646]]
NULL

[[647]]
NULL

[[648]]
NULL

[[649]]
NULL

[[650]]
NULL

[[651]]
NULL

[[652]]
NULL

[[653]]
NULL

[[654]]
NULL

[[655]]
NULL

[[656]]
NULL

[[657]]
NULL

[[658]]
NULL

[[659]]
NULL

[[660]]
NULL

[[661]]
NULL

[[662]]
NULL

[[663]]
NULL

[[664]]
NULL

[[665]]
NULL

[[666]]
NULL

[[667]]
NULL

[[668]]
NULL

[[669]]
NULL

[[670]]
NULL

[[671]]
NULL

[[672]]
NULL

[[673]]
NULL

[[674]]
NULL

[[675]]
NULL

[[676]]
NULL

[[677]]
NULL

[[678]]
NULL

[[679]]
NULL

[[680]]
NULL

[[681]]
NULL

[[682]]
NULL

[[683]]
NULL

[[684]]
NULL

[[685]]
NULL

[[686]]
NULL

[[687]]
NULL

[[688]]
NULL

[[689]]
NULL

[[690]]
NULL

[[691]]
NULL

[[692]]
NULL

[[693]]
NULL

[[694]]
NULL

[[695]]
NULL

[[696]]
NULL

[[697]]
NULL

[[698]]
NULL

[[699]]
NULL

[[700]]
NULL

[[701]]
NULL

[[702]]
NULL

[[703]]
NULL

[[704]]
NULL

[[705]]
NULL

[[706]]
NULL

[[707]]
NULL

[[708]]
NULL

[[709]]
NULL

[[710]]
NULL

[[711]]
NULL

[[712]]
NULL

[[713]]
NULL

[[714]]
NULL

[[715]]
NULL

[[716]]
NULL

[[717]]
NULL

[[718]]
NULL

[[719]]
NULL

[[720]]
NULL

[[721]]
NULL

[[722]]
NULL

[[723]]
NULL

[[724]]
NULL

[[725]]
NULL

[[726]]
NULL

[[727]]
NULL

[[728]]
NULL

[[729]]
NULL

[[730]]
NULL

[[731]]
NULL

[[732]]
NULL

[[733]]
NULL

[[734]]
NULL

[[735]]
NULL

[[736]]
NULL

[[737]]
NULL

[[738]]
NULL

[[739]]
NULL

[[740]]
NULL

[[741]]
NULL

[[742]]
NULL

[[743]]
NULL

[[744]]
NULL

[[745]]
NULL

[[746]]
NULL

[[747]]
NULL

[[748]]
NULL

[[749]]
NULL

[[750]]
NULL

[[751]]
NULL

[[752]]
NULL

[[753]]
NULL

[[754]]
NULL

[[755]]
NULL

[[756]]
NULL

[[757]]
NULL

[[758]]
NULL

[[759]]
NULL

[[760]]
NULL

[[761]]
NULL

[[762]]
NULL

[[763]]
NULL

[[764]]
NULL

[[765]]
NULL

[[766]]
NULL

[[767]]
NULL

[[768]]
NULL

[[769]]
NULL

[[770]]
NULL

[[771]]
NULL

[[772]]
NULL

[[773]]
NULL

[[774]]
NULL

[[775]]
NULL

[[776]]
NULL

[[777]]
NULL

[[778]]
NULL

[[779]]
NULL

[[780]]
NULL

[[781]]
NULL

[[782]]
NULL

[[783]]
NULL

[[784]]
NULL

[[785]]
NULL

[[786]]
NULL

[[787]]
NULL

[[788]]
NULL

[[789]]
NULL

[[790]]
NULL

[[791]]
NULL

[[792]]
NULL

[[793]]
NULL

[[794]]
NULL

[[795]]
NULL

[[796]]
NULL

[[797]]
NULL

[[798]]
NULL

[[799]]
NULL

[[800]]
NULL

[[801]]
NULL

[[802]]
NULL

[[803]]
NULL

[[804]]
NULL

[[805]]
NULL

[[806]]
NULL

[[807]]
NULL

[[808]]
NULL

[[809]]
NULL

[[810]]
NULL

[[811]]
NULL

[[812]]
NULL

[[813]]
NULL

[[814]]
NULL

[[815]]
NULL

[[816]]
NULL

[[817]]
NULL

[[818]]
NULL

[[819]]
NULL

[[820]]
NULL

[[821]]
NULL

[[822]]
NULL

[[823]]
NULL

[[824]]
NULL

[[825]]
NULL

[[826]]
NULL

[[827]]
NULL

[[828]]
NULL

[[829]]
NULL

[[830]]
NULL

[[831]]
NULL

[[832]]
NULL

[[833]]
NULL

[[834]]
NULL

[[835]]
NULL

[[836]]
NULL

[[837]]
NULL

[[838]]
NULL

[[839]]
NULL

[[840]]
NULL

[[841]]
NULL

[[842]]
NULL

[[843]]
NULL

[[844]]
NULL

[[845]]
NULL

[[846]]
NULL

[[847]]
NULL

[[848]]
NULL

[[849]]
NULL

[[850]]
NULL

[[851]]
NULL

[[852]]
NULL

[[853]]
NULL

[[854]]
NULL

[[855]]
NULL

[[856]]
NULL

[[857]]
NULL

[[858]]
NULL

[[859]]
NULL

[[860]]
NULL

[[861]]
NULL

[[862]]
NULL

[[863]]
NULL

[[864]]
NULL

[[865]]
NULL

[[866]]
NULL

[[867]]
NULL

[[868]]
NULL

[[869]]
NULL

[[870]]
NULL

[[871]]
NULL

[[872]]
NULL

[[873]]
NULL

[[874]]
NULL

[[875]]
NULL

[[876]]
NULL

[[877]]
NULL

[[878]]
NULL

[[879]]
NULL

[[880]]
NULL

[[881]]
NULL

[[882]]
NULL

[[883]]
NULL

[[884]]
NULL

[[885]]
NULL

[[886]]
NULL

[[887]]
NULL

[[888]]
NULL

[[889]]
NULL

[[890]]
NULL

[[891]]
NULL

[[892]]
NULL

[[893]]
NULL

[[894]]
NULL

[[895]]
NULL

[[896]]
NULL

[[897]]
NULL

[[898]]
NULL

[[899]]
NULL

[[900]]
NULL

[[901]]
NULL

[[902]]
NULL

[[903]]
NULL

[[904]]
NULL

[[905]]
NULL

[[906]]
NULL

[[907]]
NULL

[[908]]
NULL

[[909]]
NULL

[[910]]
NULL

[[911]]
NULL

[[912]]
NULL

[[913]]
NULL

[[914]]
NULL

[[915]]
NULL

[[916]]
NULL

[[917]]
NULL

[[918]]
NULL

[[919]]
NULL

[[920]]
NULL

[[921]]
NULL

[[922]]
NULL

[[923]]
NULL

[[924]]
NULL

[[925]]
NULL

[[926]]
NULL

[[927]]
NULL

[[928]]
NULL

[[929]]
NULL

[[930]]
NULL

[[931]]
NULL

[[932]]
NULL

[[933]]
NULL

[[934]]
NULL

[[935]]
NULL

[[936]]
NULL

[[937]]
NULL

[[938]]
NULL

[[939]]
NULL

[[940]]
NULL

[[941]]
NULL

[[942]]
NULL

[[943]]
NULL

[[944]]
NULL

[[945]]
NULL

[[946]]
NULL

[[947]]
NULL

[[948]]
NULL

[[949]]
NULL

[[950]]
NULL

[[951]]
NULL

[[952]]
NULL

[[953]]
NULL

[[954]]
NULL

[[955]]
NULL

[[956]]
NULL

[[957]]
NULL

[[958]]
NULL

[[959]]
NULL

[[960]]
NULL

[[961]]
NULL

[[962]]
NULL

[[963]]
NULL

[[964]]
NULL

[[965]]
NULL

[[966]]
NULL

[[967]]
NULL

[[968]]
NULL

[[969]]
NULL

[[970]]
NULL

[[971]]
NULL

[[972]]
NULL

[[973]]
NULL

[[974]]
NULL

[[975]]
NULL

[[976]]
NULL

[[977]]
NULL

[[978]]
NULL

[[979]]
NULL

[[980]]
NULL

[[981]]
NULL

[[982]]
NULL

[[983]]
NULL

[[984]]
NULL

[[985]]
NULL

[[986]]
NULL

[[987]]
NULL

[[988]]
NULL

[[989]]
NULL

[[990]]
NULL

[[991]]
NULL

[[992]]
NULL

[[993]]
NULL

[[994]]
NULL

[[995]]
NULL

[[996]]
NULL

[[997]]
NULL

[[998]]
NULL

[[999]]
NULL

[[1000]]
NULL

> 
> 
> 
